0000000000000000
0100100000011001
0010000001000111
0011000001011100
0011000001001001
0011000001011100
0000000000000000
0000000000000000
0100100100001111
0010000101100100
0011000001001011
0011000001011100
0000000000000000
0000000000000000
0100100100000101
0010000001001011
0000110100000001
0011000001001011
0100100011111001
0010000001001001
0000110100000001
0011000001001001
0100100011101111
0010000000000001
0000000000000000
0100000000000001
0010000100000000
0011000000110011
0011100000000000
0010000100000000
0011000000011110
0011000000110011
0010000100000000
0010100101111101
0011000000110101
0000110000110011
0000000000000000
0000000000000000
0100110000010011
0010000100000000
0011000000100000
0011000000110011
0010000111001000
0010100100000000
0011000000110101
0000110000110011
0000000000000000
0000000000000000
0100110000000101
0010000100000001
0000100000100000
0011000000100000
0100100011110101
0010000100000001
0000100000011110
0011000000011110
0100100011100111
0010000100000001
0011000000110011
0011100000000000
0010000100000000
0011000000011110
0011000000110011
0010000100000000
0010100101111101
0011000000110101
0000110000110011
0000000000000000
0000000000000000
0100110000010101
0010000100000000
0011000000100000
0011000000110011
0010000111001000
0010100100000000
0011000000110101
0000110000110011
0000000000000000
0000000000000000
0100110000000101
0010000100000001
0000100000100000
0011000000100000
0100100011110101
0010000100000001
0000100000011110
0011000000011110
0100100000000010
0100100010101101
0100100011100101
0100100011000000
