00000000
00000000
01001000
00011001
00100000
01000111
00110000
01011100
00110000
01001001
00110000
01011100
00000000
00000000
00000000
00000000
01001001
00001111
00100001
01100100
00110000
01001011
00110000
01011100
00000000
00000000
00000000
00000000
01001001
00000101
00100000
01001011
00001101
00000001
00110000
01001011
01001000
11111001
00100000
01001001
00001101
00000001
00110000
01001001
01001000
11101111
00100000
00000001
00000000
00000000
01000000
00000001
00100001
00000000
00110000
00110011
00111000
00000000
00100001
00000000
00110000
00011110
00110000
00110011
00100001
00000000
00101001
01111101
00110000
00110101
00001100
00110011
00000000
00000000
00000000
00000000
01001100
00010011
00100001
00000000
00110000
00100000
00110000
00110011
00100001
11001000
00101001
00000000
00110000
00110101
00001100
00110011
00000000
00000000
00000000
00000000
01001100
00000101
00100001
00000001
00001000
00100000
00110000
00100000
01001000
11110101
00100001
00000001
00001000
00011110
00110000
00011110
01001000
11100111
00100001
00000011
00110000
00110011
00111000
00000000
00100001
00000000
00110000
00011110
00110000
00110011
00100001
00000000
00101001
01111101
00110000
00110101
00001100
00110011
00000000
00000000
00000000
00000000
01001100
00010101
00100001
00000000
00110000
00100000
00110000
00110011
00100001
11001000
00101001
00000000
00110000
00110101
00001100
00110011
00000000
00000000
00000000
00000000
01001100
00000101
00100001
00000001
00001000
00100000
00110000
00100000
01001000
11110101
00100001
00000001
00001000
00011110
00110000
00011110
01001000
00000010
01001000
10101101
01001000
11100101
01001000
11000000
